Model Name : DTLZ7, Optimizer : Genetic Algorithm
0.02 0.585169163211 0.347844513971
0.02 0.585169163211 0.373741287672
0.0 0.623372267797 0.41957927529
0.0 0.624700430182 0.46844630753
0.01 0.635655947295 0.497486703706
0.0 0.668774772453 0.522549651884
0.0 0.668774772453 0.551562478247
0.01 0.692558201339 0.584816408684
0.01 0.705400580597 0.612392154145
0.01 0.705400580597 0.634868641804
0.02 0.726683006518 0.653563195165
0.01 0.726683006518 0.66630967731
0.01 0.72843286234 0.678172639419
0.01 0.72843286234 0.685524948293
0.04 0.735830017535 0.692712315296
0.01 0.741103044933 0.69829750247
0.0 0.741926064668 0.705748573514
0.0 0.750377799905 0.712734733294
0.02 0.758200620397 0.720852073109
0.01 0.764531452699 0.73084259947
0.0 0.765205129069 0.734191574228
0.04 0.768080484848 0.740058281723
0.03 0.768080484848 0.745322632082
0.03 0.768080484848 0.750854375353
0.05 0.771320485585 0.753566901649
0.09 0.77387027868 0.756293497346
0.11 0.77387027868 0.759720008908
0.18 0.77387027868 0.759909299573
0.16 0.77387027868 0.763052134263
0.19 0.777077619957 0.764250368329
0.2 0.777077619957 0.765472557415
0.14 0.777077619957 0.765840890226
0.15 0.778652384508 0.767576482706
0.19 0.778652384508 0.770438693289
0.27 0.78444217834 0.770501217507
0.22 0.78545676076 0.77116174636
0.37 0.78545676076 0.774813166583
0.27 0.78545676076 0.776919685884
0.24 0.790409839433 0.779316545468
0.38 0.7911979342 0.782029923054
0.4 0.79221251662 0.780962202054
0.39 0.79221251662 0.783931198304
0.24 0.797165595293 0.783696973246
0.18 0.797165595293 0.784013905447
0.19 0.798180177714 0.784159056257
0.1 0.798745601948 0.787901860409
0.14 0.799760184368 0.792235486116
0.23 0.799760184368 0.793362987421
0.23 0.799760184368 0.793481881849
0.32 0.799760184368 0.793960747228
0.38 0.799760184368 0.798145811549
0.32 0.799760184368 0.798174521105
0.43 0.799760184368 0.797358063274
0.6 0.799760184368 0.796599017923
0.88 0.799760184368 0.79823444015
0.91 0.799760184368 0.798669880046
0.94 0.799760184368 0.797943438431
0.89 0.799760184368 0.797688007021
0.83 0.802016537437 0.795581859001
0.8 0.802016537437 0.795828252862
0.77 0.802016537437 0.796145060036
0.76 0.802016537437 0.798028698769
0.64 0.802016537437 0.79782949611
0.57 0.802016537437 0.798070845562
0.51 0.802016537437 0.799143667308
0.4 0.803336723452 0.7962407508
0.54 0.803336723452 0.800086778101
0.7 0.803336723452 0.798398620582
0.83 0.803336723452 0.801553723961
0.93 0.803336723452 0.799644705114
0.79 0.803806105757 0.796391086466
0.89 0.803806105757 0.799777429384
0.95 0.803806105757 0.801823655853
0.97 0.803806105757 0.801558809458
0.86 0.803806105757 0.800522637058
0.86 0.803806105757 0.79939724104
0.89 0.803806105757 0.798911109955
0.87 0.803806105757 0.799371000572
0.81 0.803806105757 0.795898443323
0.83 0.803806105757 0.798224642529
0.89 0.803806105757 0.799256565527
0.91 0.803806105757 0.799621329844
0.87 0.803806105757 0.79863006052
0.95 0.803806105757 0.801317315592
0.82 0.803806105757 0.797843113596
0.83 0.803806105757 0.79667564933
0.81 0.803961698549 0.798651870688
0.73 0.803961698549 0.795861507677
0.65 0.803961698549 0.799727853149
0.56 0.804696675095 0.798273097673
0.48 0.804696675095 0.801440558242
0.23 0.804696675095 0.79931708143
0.3 0.804696675095 0.800073837012
0.25 0.804696675095 0.800019496079
0.42 0.804696675095 0.802872242827
0.54 0.804696675095 0.801123726427
0.76 0.804696675095 0.803585362947
0.83 0.804696675095 0.803668270666
0.74 0.804696675095 0.799027736216
0.85 0.804696675095 0.802421773128
0.88 0.806990813789 0.801884418669
0.82 0.806990813789 0.801413176839
0.79 0.806990813789 0.802189294158
0.74 0.806990813789 0.799875191406
0.61 0.806990813789 0.797706170219
0.63 0.806990813789 0.802990537611
0.44 0.806990813789 0.801090017099
0.44 0.806990813789 0.802707441592
0.6 0.806990813789 0.806187865246
0.63 0.806990813789 0.803403392657
0.88 0.806990813789 0.804744586961
0.83 0.806990813789 0.803526110893
0.91 0.806990813789 0.805324532091
0.87 0.806990813789 0.80473781873
0.95 0.806990813789 0.805916464811
0.93 0.806990813789 0.805784922231
0.89 0.806990813789 0.804758870957
0.9 0.808572272564 0.805543270666
0.81 0.808572272564 0.804167424551
0.71 0.808572272564 0.803780142806
0.59 0.808572272564 0.80465276099
0.5 0.808572272564 0.804546918529
0.46 0.808572272564 0.80423676373
0.56 0.808572272564 0.807063135409
0.73 0.808572272564 0.808035202818
0.86 0.808572272564 0.805051988061
0.83 0.808572272564 0.8052041798
0.87 0.811039213806 0.804113823954
0.87 0.811039213806 0.805987086339
0.92 0.811039213806 0.80635201603
0.93 0.811039213806 0.806914864797
0.91 0.811039213806 0.806848982023
0.82 0.811039213806 0.804730752691
0.93 0.811039213806 0.806628435286
0.91 0.811039213806 0.807429820963
0.77 0.811039213806 0.804078058022
0.84 0.811039213806 0.806477699609
0.79 0.811039213806 0.806422726017
0.64 0.811039213806 0.805568300997
0.59 0.811039213806 0.806988015673
0.38 0.811039213806 0.807628384687
0.51 0.811039213806 0.808576937811
0.77 0.811039213806 0.809508434408
0.91 0.811039213806 0.808104700178
0.87 0.811039213806 0.806013087852
0.91 0.811039213806 0.807663304533
0.88 0.811039213806 0.807161013276
0.83 0.811039213806 0.808969718317
0.8 0.811039213806 0.807443431987
0.8 0.811039213806 0.80883826711
0.59 0.811039213806 0.808423954418
0.5 0.811039213806 0.807904950148
0.49 0.811039213806 0.80874748279
0.63 0.811039213806 0.809015893773
0.85 0.811039213806 0.809783133745
0.87 0.812023980653 0.807985683467
0.79 0.812023980653 0.805257020955
0.78 0.812023980653 0.807481925222
0.75 0.812023980653 0.806707813869
0.69 0.812023980653 0.807084823768
0.65 0.812023980653 0.80799789043
0.46 0.812023980653 0.808461324541
0.48 0.812023980653 0.810193273969
0.52 0.812023980653 0.808181211053
0.81 0.812023980653 0.80937647166
0.85 0.812023980653 0.808000336937
0.93 0.812023980653 0.811146368797
0.93 0.812023980653 0.810814022554
0.85 0.812524452769 0.810426163098
0.93 0.812524452769 0.810628947186
0.97 0.812524452769 0.811674968084
0.83 0.813635306004 0.808600142108
0.89 0.813635306004 0.812120660174
0.76 0.813635306004 0.810129003261
0.53 0.813635306004 0.807782123853
0.49 0.813635306004 0.809535852104
0.46 0.813635306004 0.81203014429
0.43 0.814529065893 0.810515974397
0.77 0.814529065893 0.811473157681
0.92 0.814529065893 0.811391919152
0.87 0.814529065893 0.811334041277
0.8 0.814529065893 0.807312455973
0.87 0.814529065893 0.810853103158
0.87 0.814529065893 0.812000913042
0.91 0.814529065893 0.812230819282
0.9 0.814529065893 0.810270242295
0.94 0.814529065893 0.812508650601
0.87 0.814529065893 0.812040639594
0.87 0.814529065893 0.810927674054
0.85 0.815365312168 0.80982858817
0.85 0.815365312168 0.812621215006
0.76 0.815365312168 0.810721372252
0.69 0.815365312168 0.811422766134
0.43 0.815365312168 0.813008764742
0.41 0.815365312168 0.811415983649
0.55 0.815365312168 0.813282993355
0.83 0.815365312168 0.814779557959
0.78 0.815365312168 0.809722369364
0.87 0.815910084028 0.81104609868
0.87 0.815910084028 0.812401572126
0.89 0.815910084028 0.811655550114
0.91 0.815910084028 0.813809945723
0.89 0.815910084028 0.813597997365
0.85 0.815910084028 0.811533046748
0.93 0.815910084028 0.813858581402
0.78 0.81605620799 0.809808521495
0.82 0.81605620799 0.810543760574
0.89 0.81605620799 0.81136894704
0.8 0.81605620799 0.809918169465
0.8 0.81605620799 0.811329564994
0.89 0.81605620799 0.812888601337
0.89 0.81605620799 0.812263766643
0.69 0.81605620799 0.805969794681
0.87 0.81605620799 0.812666870399
0.95 0.81605620799 0.81397914102
0.88 0.81605620799 0.812544187637
0.89 0.81605620799 0.813171793754
0.87 0.81605620799 0.813133742388
0.91 0.81605620799 0.812894710737
0.87 0.81605620799 0.811824808773
0.87 0.81605620799 0.812655087097
0.85 0.81605620799 0.811508611703
0.85 0.81605620799 0.811543611416
0.89 0.81605620799 0.811939036823
0.97 0.81605620799 0.814535160861
0.9 0.81605620799 0.813775442102
0.85 0.81605620799 0.811952396324
0.91 0.81605620799 0.81259690209
0.97 0.81605620799 0.814969751004
0.85 0.81605620799 0.811017208095
0.89 0.81605620799 0.812849598376
0.93 0.81605620799 0.814269827307
0.93 0.81605620799 0.814678811457
0.83 0.81605620799 0.811017537755
0.87 0.81605620799 0.812587607464
0.93 0.81605620799 0.813780327254
0.91 0.81605620799 0.81336617103
0.86 0.81605620799 0.812230270591
0.97 0.81605620799 0.814845838905
0.93 0.81605620799 0.813234609194
0.85 0.81605620799 0.812277022109
0.91 0.81605620799 0.813610441883
0.85 0.81605620799 0.812088996463
0.93 0.81605620799 0.81389176818
0.96 0.81605620799 0.813833560657
0.89 0.81605620799 0.813937881372
0.86 0.81605620799 0.812556761875
0.8 0.81605620799 0.812141715591
0.85 0.81605620799 0.812797328621
0.85 0.81605620799 0.812524860769
0.84 0.81605620799 0.81216829041
0.82 0.81605620799 0.812649370053
0.85 0.81605620799 0.812728986931
0.89 0.81605620799 0.813266142923
0.86 0.81605620799 0.811892321716
0.84 0.81605620799 0.811179326431
0.9 0.81605620799 0.813617549667
0.89 0.81605620799 0.812733260078
0.93 0.81605620799 0.813755960177
0.87 0.81605620799 0.813022411376
0.88 0.81605620799 0.812323474815
0.86 0.81605620799 0.812180446526
0.87 0.81605620799 0.812013545351
0.84 0.81605620799 0.81171930589
0.91 0.81605620799 0.81439010446
0.87 0.81605620799 0.81043796086
0.8 0.81605620799 0.810949927775
0.83 0.81605620799 0.812721832252
0.87 0.81605620799 0.812100168104
0.87 0.81605620799 0.811819738029
0.91 0.81605620799 0.813754011613
0.89 0.81605620799 0.812428689998
0.91 0.81605620799 0.813632540357
0.91 0.81605620799 0.813680747983
0.96 0.81605620799 0.814301192649
0.83 0.81605620799 0.810505022698
0.78 0.81605620799 0.810044047687
0.76 0.81605620799 0.810624939843
0.83 0.81605620799 0.811744672495
0.84 0.81605620799 0.810694212272
0.91 0.81605620799 0.813398292735
0.91 0.81605620799 0.813404073758
0.86 0.81605620799 0.812050832246
0.93 0.81605620799 0.813433373028
0.95 0.81605620799 0.814219591006
0.83 0.81605620799 0.810739521777
0.93 0.81605620799 0.813887935961
0.93 0.81605620799 0.814237732869
0.91 0.81605620799 0.812792061812
0.88 0.81605620799 0.813389239298
0.87 0.81605620799 0.81404169088
0.87 0.81605620799 0.813427808339
0.8 0.81605620799 0.814257840055
0.73 0.81605620799 0.812872397013
0.68 0.81605620799 0.813738930825
0.47 0.82716438937 0.811496898756
0.52 0.82716438937 0.813614111596
0.51 0.827499364094 0.812426290953
0.4 0.827499364094 0.81266573242
0.55 0.827499364094 0.813223333066
0.79 0.827499364094 0.813744312006
Early Termination
Best Energy:  0.827499364094  | Average Energy:  0.813744312006
