rank ,         name ,    med   ,  iqr 
----------------------------------------------------
   1 ,         DE16 ,    6.34  ,  0.92 (*-             |              ), 6.34,  6.34,  7.26
   1 ,          DE5 ,    6.85  ,  0.36 ( -*            |              ), 6.49,  6.85,  6.85
   2 ,          DE9 ,    7.07  ,  0.37 (  *            |              ), 7.07,  7.07,  7.45
   2 ,         DE20 ,    7.22  ,  1.24 (  *--          |              ), 7.22,  7.22,  8.46
   2 ,         DE15 ,    7.22  ,  0.31 (  *            |              ), 7.04,  7.22,  7.35
   2 ,          DE4 ,    7.28  ,  0.77 (  *            |              ), 6.95,  7.28,  7.72
   2 ,         DE14 ,    7.43  ,  0.34 (  -*           |              ), 7.17,  7.43,  7.51
   3 ,          DE8 ,    7.51  ,  0.25 (   *           |              ), 7.51,  7.51,  7.76
   3 ,          DE2 ,    7.57  ,  0.15 (   *           |              ), 7.48,  7.57,  7.63
   4 ,          DE1 ,    7.67  ,  0.07 (   *           |              ), 7.67,  7.67,  7.74
   5 ,          DE7 ,    7.88  ,  0.19 (    *          |              ), 7.88,  7.88,  8.06
   6 ,         DE19 ,    8.10  ,  0.22 (    *          |              ), 8.10,  8.10,  8.32
   6 ,         DE11 ,    8.17  ,  0.73 (   -*          |              ), 7.71,  8.17,  8.44
   6 ,          DE6 ,    8.23  ,  0.20 (    -*         |              ), 8.09,  8.23,  8.28
   6 ,         DE10 ,    8.28  ,  0.47 (    -*         |              ), 7.93,  8.28,  8.40
   7 ,         DE18 ,    8.51  ,  0.11 (     *         |              ), 8.40,  8.51,  8.51
   7 ,          DE3 ,    8.51  ,  0.12 (     *         |              ), 8.51,  8.51,  8.63
   8 ,         DE13 ,    8.75  ,  0.26 (     -*        |              ), 8.56,  8.75,  8.82
   8 ,         DE12 ,    8.90  ,  0.76 (    --*        |              ), 8.23,  8.90,  8.98
   9 ,         DE17 ,    9.32  ,  0.23 (      -*       |              ), 9.12,  9.32,  9.35
  10 ,          SA6 ,    12.47  ,  1.67 (            -*-|              ), 11.97,  12.47,  13.63
  10 ,          SA3 ,    12.60  ,  2.07 (            --*|              ), 11.83,  12.60,  13.90
  10 ,          SA5 ,    12.72  ,  2.41 (            --*|-             ), 11.63,  12.72,  14.04
  10 ,         SA14 ,    12.74  ,  2.13 (            --*|              ), 11.72,  12.74,  13.86
  10 ,          SA7 ,    12.75  ,  2.31 (           ---*|              ), 11.47,  12.75,  13.78
  10 ,         SA18 ,    12.80  ,  2.17 (            --*|              ), 11.72,  12.80,  13.89
  10 ,         SA15 ,    12.82  ,  2.26 (            --*|-             ), 11.84,  12.82,  14.10
  10 ,         SA10 ,    12.86  ,  2.21 (            --*|-             ), 11.90,  12.86,  14.11
  10 ,         SA16 ,    12.87  ,  2.43 (            --*|-             ), 11.71,  12.87,  14.14
  10 ,          SA2 ,    12.90  ,  2.22 (            --*|-             ), 11.86,  12.90,  14.08
  10 ,          SA9 ,    12.98  ,  2.23 (             --*-             ), 12.04,  12.98,  14.27
  10 ,          SA1 ,    12.98  ,  2.51 (            ---*-             ), 11.84,  12.98,  14.35
  10 ,         SA20 ,    13.02  ,  2.66 (           ----*-             ), 11.52,  13.02,  14.17
  10 ,         SA17 ,    13.03  ,  2.36 (            ---*-             ), 11.70,  13.03,  14.06
  10 ,          SA8 ,    13.06  ,  2.47 (            ---*-             ), 11.59,  13.06,  14.06
  10 ,         SA19 ,    13.11  ,  2.40 (           ----*              ), 11.50,  13.11,  13.90
  10 ,         SA11 ,    13.15  ,  2.78 (           ----*-             ), 11.50,  13.15,  14.28
  10 ,         SA13 ,    13.17  ,  2.27 (            ---*-             ), 11.87,  13.17,  14.14
  10 ,         SA12 ,    13.26  ,  1.98 (             --*-             ), 12.13,  13.26,  14.11
  10 ,          SA4 ,    13.30  ,  2.01 (             --*-             ), 12.13,  13.30,  14.14
  11 ,        MWS15 ,    15.87  ,  2.07 (               |   --*-       ), 14.98,  15.90,  17.04
  11 ,         MWS2 ,    15.89  ,  2.10 (               |   --*-       ), 14.86,  15.90,  16.96
  11 ,         MWS4 ,    15.92  ,  1.99 (               |   --*--      ), 15.23,  15.94,  17.22
  11 ,        MWS18 ,    15.97  ,  2.56 (               |  ---*--      ), 14.80,  15.99,  17.36
  11 ,        MWS19 ,    16.00  ,  1.61 (               |   --*-       ), 15.25,  16.02,  16.86
  11 ,         MWS5 ,    16.05  ,  2.32 (               |  ---*-       ), 14.84,  16.08,  17.16
  11 ,        MWS10 ,    16.07  ,  2.10 (               |   --*-       ), 14.97,  16.08,  17.07
  11 ,        MWS20 ,    16.10  ,  2.50 (               |   --*--      ), 14.93,  16.10,  17.43
  11 ,         MWS8 ,    16.11  ,  1.72 (               |   --*-       ), 15.31,  16.11,  17.03
  11 ,        MWS11 ,    16.17  ,  2.07 (               |   --*-       ), 15.11,  16.18,  17.19
  11 ,        MWS16 ,    16.18  ,  2.29 (               |   --*-       ), 14.89,  16.19,  17.18
  11 ,        MWS12 ,    16.26  ,  2.47 (               |   --*--      ), 15.11,  16.26,  17.58
  11 ,         MWS3 ,    16.26  ,  2.39 (               |   ---*-      ), 14.93,  16.28,  17.33
  11 ,         MWS7 ,    16.30  ,  2.11 (               |   ---*-      ), 15.24,  16.30,  17.35
  11 ,         MWS6 ,    16.30  ,  1.96 (               |   ---*       ), 15.06,  16.30,  17.02
  12 ,        MWS17 ,    16.40  ,  2.54 (               |   ---*-      ), 15.12,  16.41,  17.66
  12 ,        MWS14 ,    16.46  ,  2.27 (               |   ---*-      ), 14.96,  16.50,  17.23
  12 ,         MWS1 ,    16.46  ,  2.28 (               |   ---*-      ), 15.09,  16.47,  17.37
  12 ,        MWS13 ,    16.57  ,  2.22 (               |    --*-      ), 15.40,  16.58,  17.62
  12 ,         MWS9 ,    16.68  ,  2.31 (               |   ---*-      ), 15.17,  16.71,  17.48